1.8727278622671628
1.5048608281672284
1.838287683827005
0.3150814663689032
0.26605291653706353
2.379480208637321
1.477775522497378
1.7040999337118583
0.26444593806026784
0.38451354526193504
2.074697258818156
1.513302124111588
1.9085481448138824
1.1189718654467593
0.16880876369253217
0.6772761299169046
-0.300117049436722
1.5574989426217503
2.20594363425315
0.3819865188011837
-0.5691729483222231
0.2600328311138008
-0.10242479416558603
1.4829599824654682
0.7743440225135274
0.5677935071605227
-0.42415026022828184
1.2931477198345342
0.3267539384899447
1.765252431512462
0.5688624848000996
2.3414870920275654
2.3940028472218184
1.957835227464249
0.8147094353636306
0.5589998122579418
0.5610594526217596
-0.10320164666452036
1.9797781964204173
0.8690401983303206
1.3937731715355874
0.28022076924341754
2.73896455640971
0.35083759243173407
-0.36912221079277496
-0.07277173524479785
2.360684913251421
2.1522508925001826
-0.3251193345856541
2.5496994076476494
2.0122516845410505
0.8719931623768029
2.1872260726639796
0.39023632038861344
2.764382170638474
1.1126950311533617
1.102040203102883
-0.15699620242665946
2.041602842090374
2.223159487895412
2.153449508730909
-0.39233594369447233
0.8773459952219138
0.9991935065478057
2.3927950271314233
2.34996468336534
1.6969183986992196
2.686034770554551
-0.21991996553798554
2.1166076199497645
-0.517886574974011
2.4392762337335183
2.081001356041624
0.8156970456781318
1.4882133472655963
1.812585204985265
0.29410258251899046
2.0534093098203545
1.2839565900079704
0.34446789503305575
0.7721553972326942
0.02514073603094591
1.0654157635594792
0.42813925022638366
2.297256517438202
2.2213721330742096
-0.5235944931144203
1.4261474050237553
1.9855931082207676
2.2280082956537277
1.9569596091550587
0.2057317512602228
0.36138619941723815
2.3389686649543404
1.2273640654642899
1.2091453688727436
1.9028747740215035
0.9667367420470048
0.5351865319698985
-0.09415636129223781
0.7329577287812521
2.4430892218284783
1.8363982952835034
0.1179230048404648
2.3403000848391993
2.186836060418366
1.29427241617547
0.8540022258432594
1.4020229731230174
0.15965691425821604
0.3185924486343713
1.550057170470272
1.0713711113535664
1.19626954882232
0.9261040121438466
1.6165353968350846
1.1192120391033646
-0.05215323496302415
1.2461177076893475
-0.512595162029471
2.1940793340140554
-0.2641046355962495
-0.035510695622947286
0.10224802587286008
-0.44709975171007266
1.910484926034922
1.4814082295547277
2.3615674807114795
2.092622438247277
-0.25291502706472213
2.575053958634184
1.8273658404719857
1.0167965006627124
0.873680241114311
2.1185354984479567
0.9272302046544991
0.688742440747443
0.4474927587190144
0.6457412392579678
-0.5908702035382414
0.40259690624782674
1.259478877652194
-0.7803437599304859
1.3259361939625518
1.3834219555758973
-0.09788865578046646
1.6343606399066561
1.6651166505949182
0.8554147749000296
2.1177626947688113
-0.5758931036415957
1.4536680290259738
2.2524961998192348
0.4164047939313599
0.23503040882527382
0.4621867351057878
1.8798053834493298
1.234150269410643
-0.035558542408163474
-0.13754642451492638
0.18797397412731032
1.4980704570180134
1.2656692456294176
1.122954994730165
0.24994648329445468
0.9912266081623857
0.03326066980755926
-0.3712061224228477
1.5847593825705162
2.9525407014242204
0.4277929560876419
0.17171928038435014
1.8034655057375621
1.1624241125129275
1.716184831790712
0.41576706241619166
-0.29765170780484373
1.139183615166314
1.2188260702969629
2.287184320591564
-0.25686571048259943
2.393850808727438
0.9407871842574269
2.787888291622725
-0.38496398703251
0.45604240193778756
2.11314804630573
0.10039170673135289
0.13864983228903727
1.149323431146016
1.547424821205169
1.9545921713368002
-0.017738226175851635
0.2738281543244738
1.8957196210491096
1.4045264492298135
2.888731244482348
0.9011694371705734
0.5759897106680971
-0.11434166021708847
2.4972908771013356
1.4366697696674011
-0.5991078249094843
0.8565409674106821
1.1830357125415631
1.9182140493850288
2.163582070120937
0.5581949218447295
1.2002199621406477
2.398773497605241
0.21554017333106146
0.24062176828301596
-0.824933160686096
0.21912675896618827
-0.5623042179658848
0.371682395167501
0.057283272760586534
1.2881649340447807
0.9338203461066914
2.357978320236251
1.3844798020480573
2.6335821049026302
2.0608951474411583
-0.06679482274850201
0.4514489862841782
0.9732007847508419
-0.38469489807694757
1.0296373514130885
1.766704491463818
-0.21049587390451374
0.42195743039341527
1.345477124604153
0.06319390449821671
0.8266307228834511
2.4946390096525395
0.8394545164608651
2.273273519039532
-0.5895217013123724
0.7944685990430735
0.27092059923844436
0.8058398786493763
1.0485518842695987
1.4001717445907054
0.3193864858799551
0.4337832578149545
0.8068030529221533
1.9392679722231199
2.3119481664756543
0.178039355519246
1.0240372258816086
0.847243176469227
0.7056446979779958
2.7444577962992485
0.78208562931143
1.0077155453654543
2.6558279668567515
1.8776287317171825
2.157291647840016
-0.09989780455050101
-0.35218069218227
1.7289138651587597
0.6205651718753227
1.2914904303809118
0.888561579579749
1.397305916015667
1.3700630487269085
-0.40430231864678323
1.1886934762302293
0.34682162424867125
1.2563342823443628
0.6357480842320937
-0.027336588624984004
-0.006323659331966103
0.16289974686824704
0.9880642027072908
-0.18033187474629897
0.5326972184855012
1.239654552070263
2.0016540615693827
2.156964927612172
1.533932812527722
-0.07695303799386666
0.35159799589384266
0.24266726558220908
1.464415206091672
2.2467573198701754
1.3781280335402712
1.7811082751867868
2.3981946785180392
2.629952243396871
1.4618257847436822
-0.5733549617410165
2.1989434922806517
0.5846336712523521
1.0420067340796846
-0.39127229934222063
2.3029511550668587
0.01161016501095613
1.422080569864288
1.5637202090880464
0.6293751891373542
0.2505744959928907
1.4164707129432217
1.421705073174883
-0.11876320815626984
0.37420612055538505
0.2119483629762886
1.8044493441956346
2.358161120847513
0.6717876275869961
1.40807558731552
0.1379741796469196
-0.46470826087009887
0.2604460477644792
0.6759021152629994
1.302906018124384
-0.26655991930972267
0.5488231647987027
1.9241463734880773
1.6809931836002474
2.8729961826293167
0.39631958859801264
1.3697782987122324
0.4152892953321753
2.3589204380120674
0.544735089896589
0.29388282019360124
1.9090626637493555
1.6208930127885623
0.8027894959332371
0.07886646388977137
0.021087053474545092
2.3959701699518057
-0.06412342211005284
1.0152707442246707
0.7833583165348315
1.0095371340911543
1.4298929227189594
-0.15812337729012316
0.5902090855362867
1.5043643694391307
2.0766135038291242
1.987086848582647
1.1471275499310005
0.5234567416009757
0.8238516050967628
2.6767179910516132
1.4187081879557613
2.572756640752259
2.277643738803768
2.5908729556545382
1.2082382890899843
0.5874637915228791
2.2803992582883765
1.571785193901409
-0.3172766291691175
1.3807961972806586
0.5011814176110465
1.6271965755742026
1.8435540517529256
-0.5991925640365842
0.8028856992269333
-0.3941017719004747
0.9912319306709021
0.09292116369722458
0.8869885338409751
0.3204001974409447
2.2323231649565782
1.7451753035398085
2.536413543614932
-0.2340119008323568
0.8390742532625208
0.19444504086600856
0.8339372879517903
-0.40564519996702875
-0.08538934421033484
0.9092327400153655
-0.33269085308047586
2.534881850990954
0.9706568925039176
0.5969907185514414
1.3751746322378398
2.0003311625943345
1.8817922968332619
0.8864819651406641
1.370628174799787
1.933623261951666
-0.6088821253332084
0.8661472906200902
0.7822151436853293
1.9025621192541728
0.0083557164801078
2.3718222339890667
0.5108240721797683
0.5098857851745029
0.20147867021219745
1.8901223579375643
0.4958549179117451
0.554206386233776
2.1473197642257693
0.003451407655818084
-0.30371236851960415
2.191956541287478
-0.8200680280706908
1.945731831922071
1.0772332775300524
0.5137932482239758
2.297898160622106
2.0666818035663552
1.1535288680594085
1.323822860523976
1.1581454484994267
0.6093488638798468
0.1565396830702851
0.7465633332014845
0.7051486681239441
1.302554591466931
0.3017640345738102
-0.5422883756550679
1.2222929888974376
1.453365271889309
0.24391360149901065
0.8391888478487677
0.46296015985447925
-0.010069013037782404
2.3442762282075202
1.0363779061177643
2.2045390879323357
-0.19495155080295012
1.9751501439489192
0.5281339679044363
-0.09073895706060253
1.6684443625474557
-0.28534715284804335
0.46720548484809954
0.3545824856751517
1.7016417478218866
1.9841433504988175
2.642398168100863
2.3823410125491757
0.35683492657581106
2.200120957119862
0.012028023839009916
2.2418686427282957
1.9583922831613538
0.24441667075474593
1.899006852600261
1.6461566640744714
2.313357063647028
2.375079392323407
1.3989240787452664
1.0883583233637542
0.391104952381507
1.8319133973363382
0.1831029358706916
2.306512878499979
1.403219385027522
1.2105727245614737
2.026558761698673
2.1762508444543927
-0.714149089865755
0.8301722795377355
1.929475000793801
-0.5773691252310004
0.1253949001549719
0.9104450384203555
1.989701085951971
0.35398451790864793
2.2117540970257896
-0.11458388593121616
1.5035069203020575
1.8184112409681132
0.3657035696626192
-0.23123309394898317
0.3654580623216266
1.7732685135087318
-0.31899254385873177
1.126570425288086
1.0045678766931256
2.2866487663419224
-0.12135750734117035
1.890221242043293
2.598403759250554
0.019314385726728722
0.07622606520365283
1.9397756445406822
2.022526593427845
2.42821501455725
2.0750799062627165
0.7076676786912921
1.4513631006476295
-0.008971218116836654
2.7099561161190526
-0.25791941065374613
2.31940219835548
2.027027900747483
-0.2920144668331476
-0.08052232687791172
1.5872235224057096
0.5479472447409981
0.7547155848027745
1.0450223346916132
1.956822465852286
1.8722798914519512
0.3012301967485017
2.0840445838111474
0.22265475370113497
0.09560367446188056
0.9664553350147118
0.9098344223619599
2.028045503633845
-0.25616001755829776
-0.3581201859096238
2.3376421949851287
1.7747123494160881
0.15063412936899545
0.9108120498297791
1.4101606150670725
2.0131690752214464
0.6856192556142897
1.388172168698242
2.167137611295665
0.7817231078081406
0.9816665195308936
0.9406177468787029
1.0124378970416439
1.8604739682564855
0.0903617691203773
0.02710796172130292
0.8387954152835511
1.5226467559219556
2.382207125283879
2.0401530360337397
-0.0443634247768373
0.9908494239164747
1.3409839802612475
2.6350308949815258
0.04708033825600533
2.2491127767477024
0.4957132274264997
1.2171208908395474
1.4266691952602328
0.8700756301964054
0.6624269877385474
1.1800154501944853
1.1747141409081938
-0.24493155887421003
-0.40452337805135097
0.5006294511261533
1.6177591868293284
0.6158505972082962
0.8404611425197037
0.4096372327346528
0.40160426679142014
1.6597750760427559
1.1015454640619202
-0.27432896311968946
0.47515594632139246
0.43166214457324803
1.788792299706858
-0.3366164465097624
-0.4856207924482998
-0.6298764726727639
-0.4947081640652392
1.8871876664400045
2.2496484111055817
0.23730205685705974
2.2920229042069513
0.7897916451514659
-0.06862642387188056
0.2172353531779886
0.36373171157377393
1.6920764260888457
1.0173691355238526
1.9684983647747423
2.7225219772234537
0.7830944905444488
-0.5115409534677584
2.370160447949493
2.315753854187704
0.7273737216495788
1.6831777646127986
2.0941659290954266
0.9093487748919749
-0.3322503192434234
0.18218561340225192
1.399528749240343
1.137742636090956
0.7968455559093717
2.5294768015380207
1.077684753377775
1.4582428298696144
2.122980266678973
-0.07340204050368304
0.2756743579058323
1.0848279062587898
1.3581734825196552
0.7424157104652447
1.275239321298543
1.4615292036726744
0.4374120840511341
0.03567995947584501
1.3875045584922212
0.0669010819713125
0.9005238336513395
-0.28990298460770536
1.6483847164308583
1.8922680972108004
0.9331059020166779
1.6982721026047467
-0.20193863203702012
-0.46333789622541954
0.6735048769849841
0.6657585386027389
0.5614185780572791
0.5368611049078691
0.04256066658653346
1.159146937848603
2.5634569933120117
1.2050020530377525
0.31895749728146816
1.599559420766104
0.9525386600068484
0.9004876852969115
1.356043615777066
1.2589925233083743
0.7483135178910167
1.2627845368174762
0.24169477761802027
0.3836704585159526
0.603329490918354
-0.714767533127086
0.8440567987710501
0.34012186566373415
1.328491521919375
0.19169376217373357
-0.2310094849472104
1.5228312360229115
-0.8671471397324453
2.758446413567228
1.0338008969713939
2.0072872036984135
-0.3602551538710481
1.598573453304625
2.0735584058744805
0.9336816465638957
0.2847379528846302
0.9496596550800183
1.86787331121409
2.27724589658441
0.5422672396722561
-0.36908551344726226
0.8377006088093393
-0.6252006716633802
0.6425717063912058
1.3378526632850303
1.5831412994689966
-0.013068519911022758
1.2108574661942466
2.153278452315007
1.5038053677435057
-0.121819859466884
1.1505733195927803
0.04943544350072537
0.594942611686393
-0.25465149971537826
1.2999463080428288
-0.1834425784780963
1.8372670166833638
-0.1400874278351949
0.24118789878729163
1.019729430563622
1.1503219966079676
2.636377033770344
-0.41484847079348985
0.8116968452519258
1.3949226866918256
1.8539652067022239
1.3296346989598287
-0.08091135442421016
0.47425457042374397
2.3654196076319383
1.8949112256033867
0.5028815246200569
2.4368006016404076
0.40430294624730145
1.2029781712698648
0.7738195305102598
2.2222470305714395
2.863170607209888
1.1085524627047367
2.3813827240130903
-0.2100964997815683
-0.14291933763773457
0.46702056469722675
0.6482007173580122
0.3566873324367623
2.169579974438902
0.5036308416182318
1.7930807928988153
2.144120731085356
-0.04988954161804915
1.6123926383966545
1.4981484953305444
1.4976253542106717
2.0227976761270305
1.0487045480630848
0.9038114395941661
2.550636254676531
2.418407120296819
2.662153811900163
2.26403273546546
1.1573821742354808
0.7884954969810767
1.1672767399192214
1.7051515049325077
0.49068895400999524
0.14769179497272322
0.20803222465702897
-0.3825217972444833
1.0747940221684027
0.026126777532569534
0.13583285204872153
1.8466281580490191
1.2611723531788086
0.4325315658620239
0.7077556607349571
0.7830283657102977
1.4668686045179464
1.5230004387083467
-0.046050826495286246
1.7397213961182727
0.8503343650839918
2.037247597833184
0.28862663069210326
0.022899628860363563
0.18626122441434356
-0.10919953943339034
1.505256170409385
-0.2014194971888409
1.8555983981842168
-0.2264798235654112
0.8747834183158276
2.48361893553936
-0.6911023404389735
1.379376369937964
0.6512741586897868
1.5234782728475884
1.2000168909784485
1.2618690597647189
-0.4387304331285782
-0.3534777073231903
1.447169065916524
0.3129911761791404
0.21828677073041292
1.6076085609884974
2.3925826632613436
2.3155505575247144
-0.31155807485055675
0.5650937883486478
0.8147821483736775
-0.2710607949180027
1.93694283507622
0.37603567348608546
1.8758653483241172
0.20320858047493195
0.8788417276827813
1.620828268174468
-0.00013114231017929967
0.6443771110588576
1.018890280518164
0.09392622373715331
1.1424356245633378
-0.11776781409657566
0.3350412672548748
0.7756272904927037
1.651343359216742
0.26915755391547336
1.7989192760078794
2.5137819074547814
2.3385733709204586
1.6842773878873687
2.086776560453959
-0.35968828723312085
1.3654886753603297
-0.29855295944579807
-0.2350786573748267
0.03734318890485133
1.3182671353306004
1.1810180697036061
0.2073775393457047
0.420496744066708
-0.43469196340206484
0.44016238206073766
1.5040832613613841
1.5899222158314297
0.36222389659947907
-0.0012530402251608175
-0.009232671300540729
1.844500301566208
0.0005346422551827379
1.530445890515319
1.0236094065586148
0.05563977991959068
-0.30289343820825343
2.065746864721197
1.0665599129007013
1.0580022509945568
2.7899995663064754
1.942659480237709
2.704247406678335
1.5463645355991855
-0.03372343054407423
-0.15717124051099074
0.7838363811764104
1.6305047604863088
0.18266470762093778
1.7319432903229925
1.5105469981257555
1.6298513729729929
-0.09373706875633148
0.3414985387779299
-0.2221039493044492
1.3188507965853675
-0.06512078671824872
0.09839353645145588
-0.06818495867897989
0.2022732425026006
0.8850835535605825
1.245119051423445
-0.09071083379023503
1.1525956143869998
-0.2538798969249759
2.6980694597814634
1.8812613409856622
0.25081151665691825
0.1606679813287537
1.5273716948122584
2.7243943596610265
1.8019031357494661
1.1794540624504228
1.2345500792071924
0.059393279980585634
1.875607655092891
1.2247528679318505
1.1610130037465192
-0.04747541792670584
2.374870300193976
2.1709354679933863
2.49716503875541
0.9072575082104921
1.1302806062764863
0.9882007467039864
0.8609585768361383
1.4338440512930248
2.1742108059283565
1.2278847576714516
2.231571226427911
-0.5128856228637104
2.1568929401257497
1.6294459039948164
0.3642866703981007
-0.4119205879577589
0.7328308575008209
1.5292560863444846
0.8036695873847555
1.2680169314928431
0.01242622989808495
0.47391881792522905
0.03302486451949216
0.9698367791575553
1.155293012808679
1.7699225248163204
2.2366440704052786
-0.050897992286845994
1.1761061710659908
-0.2488605205458252
0.42695347775097636
-0.5661845354219912
1.2759865679666338
-0.46196283265093285
0.1295332064058321
0.5459472416182733
1.0115050526855072
-0.17797622514558276
1.2831227876167384
-0.4265981031021725
1.4173890272702039
0.5205749231486463
2.25464805294198
1.522926758985467
0.45590937135550624
1.408731486605821
-0.2032120448807312
-0.412705811786546
0.31516739205232236
1.0616313817732181
1.826562422479765
-0.16771210660204017
-0.08230366618679896
2.5373901692650187
2.6571452489139658
1.330687611284986
1.6233011363648346
0.9037417217175205
2.295676914196067
1.860358081460166
1.2795568843276972
0.4105612663135684
-0.28203359378445303
1.876930844679908
0.3009312799204752
2.1175723047407575
0.8426536402398039
1.9998432460705953
0.9999126975889843
2.3972387351194957
1.161413644748467
0.3949693142878681
-0.2983828697533878
0.6392747197017421
2.453425035741005
1.9918513067494388
0.7516935804168199
1.0100981055340255
0.013927407802048819
2.288047088920704
1.4524870021047476
2.0368661885507695
2.1458687670741075
-0.5215132409506555
0.4555428363175795
0.08060190900256947
2.19131544852943
1.3829904957129577
-0.3620083278041364
1.298845595120846
1.4226461052534385
-0.5357515084182036
0.08589704781113983
1.9227647061565727
0.8848379833553164
0.5068277609566354
0.2628370429216125
-0.16898328196299084
0.7219954790649914
0.8452486900357756
0.0660778463660171
0.3175922766409779
1.1725445341656657
0.49682796327249523
2.5532735446041976
0.9315931081918967
-0.552298603931904
1.781808560845353
-0.7089049363831914
-0.051976790284722685
0.07899403086816614
0.1132030308308094
0.3898143139154717
-0.8960483843419955
-0.09681554557729655
1.7433702537060576
0.7753313478433208
-0.464718595626074
0.9213880083623287
-0.3361786822978555
2.6468598952633924
1.9596631445268464
1.796326559174958
2.2267821813591437
0.39569332352638864
1.0536503137804805
-0.21377831818662218
0.3233685925711731
2.299195799593675
1.3438001432660034
1.229014263827826
0.40639918758831883
-0.24091815135779449
1.6686787177662734
1.6804836798368412
0.6348947254637698
0.36364209645597356
1.1384019551977524
-0.34539011271136255
2.0242436043004206
-0.01981263119553678
-0.11545934264040902
1.340622327681921
2.2987763321396075
0.7198515642526799
0.8094430744226291
1.717949017052515
0.08049407861218505
1.5148936268011544
1.6414677296492588
2.2671922668439084
0.11957395198735132
1.4239063844661723
